----------------------------------------
4754091041477562:	1326920239867562
                	1876109182717562
                	2260313159397562
                	7589479625917562
                	8036430185817562
                	9495627403857562
                	9565722950187562
----------------------------------------
4844712268411461:	1039337190221461
                	1301479737731461
                	2129629454141461
                	2327679851141461
                	2388053396171461
                	2487898330941461
                	2668464702961461
                	7151087002101461
                	7585976403241461
                	7623229094351461
                	8173593984751461
                	8450227983981461
                	8522654894851461
                	8972327071581461
                	9095837855671461
                	9408376839681461
                	9723594386731461
----------------------------------------
